1690517048
1690515954
1690464029
1690457801
1690451191
1690369348
1690192928
1690182883
1690177646
1690176851
1690118348
1690095215
1690087252
1690081548
1690036881
1690035447
1690033476
1690030040
1690021995
1690002533
1689864912
1689854875
1689841737
1689825599
1689666169
1689663339
1689590677
1689587743
1689574052
1689572118
1689571376
1689560017
1689487823
1689416237
1689409606
1689398416
1689330850
1689238236
1689225341
1689178343
1689175789
1689082372
1689068948
1689057911
1688970350
1688969411
1688968908
1688910472
1688805038
1688803432
1688799772
1688798757
1688797267
1688793100
1688792195
1688477981
1688474952
1688472274
1688460782
1688442355
1688440002
1688436405
1688401833
1688397545
1688386555
1688363827
1688208485
1688187755
1688186467
1688137294
1688096730
1688034771
1688033855
1688033406
1688010042
1687940607
1687925519
1687924551
1687923295
1687841077
1687835732
1687776357
1687772101
1687766843
1687749950
1687744626
1687743556
1687743492
1687665594
1687665412
1687664068
1687662002
1687661501
1687604221
1687597457
1687588748
1687588206
1687231082
1687230147
1687172631
1687155881
1687101596
1687059416
1686976037
1686902291
1686884610
1686884568
1686825473
1686795629
1686793070
1686721700
1686582103
1686490563
1686478902
1686477859
1686474905
1686474625
1686305670
1686304790
1686297850
1686297053
1686296062
1686288921
1686282422
1686200114
1686192574
1686117297
1686115062
1686113775
1686112388
1685970210
1685963857
1685963522
1685960507
1685947696
1685942666
1685931890
1685874722
1685860060
1685860051
1685858556
1685855415
1685685125
1685684033
1685681993
1685604738
1685604477
1685604140
1685602709
1685602079
1685598270
1685522995
1685512170
1685505174
1685456209
1685454448
1685434243
1685431438
1685337894
1685327936
1685273452
1685271609
1685244195
1685242447
1685179956
1685165693
1685092776
1685091077
1685089359
1685088548
1685081227
1685080329
1685068101
1685019199
1684920125
1684907344
1684903048
1684833687
1684831078
1684732650
1684730334
1684676318
1684673245
1684655419
1684647396
1684578161
1684577571
1684568726
1684562170
1684465263
1684401383
1684401271
1684394892
1684250054
1684164907
1684156178
1684072805
1684072019
1684069688
1683992169
1683972698
1683972684
1683972565
1683917794
1683915833
1683915063
1683914708
1683812840
1683811441
1683809183
1683734167
1683733712
1683731533
1683646366
1683619683
1683465273
1683464752
1683464289
1683463890
1683462463
1683353593
1683353079
1683350315
1683287352
1683284199
1683283572
1683263259
1683173905
1683169520
1683169164
1683116750
1683103123
1683088681
1683029152
